0.008859141
0.005239477
0.008658197
-0.00058643
0.002071761
-0.0003002064
-0.007823874
-0.005045463
-2.970939e-05
-0.002542666
0.008693827
0.0004797216
-0.003657107
-0.004440679
0.00575081
0.00404925
-0.006699447
-0.008710849
0.005094112
0.002408201
-0.006608465
-0.008755719
-0.007819415
-0.002365673
-0.006613782
-0.004026949
-0.006155809
-0.0048566
-0.006375364
-0.0004537258
0.005414741
-0.009444258
0.0005462155
0.007606381
-0.002538733
-0.009040817
-0.007227435
-0.003570158
-0.006903368
-0.007355437
-0.005573881
-0.005472384
-0.007371669
0.009631269
-0.003459725
0.0001387899
0.00362885
-0.008016618
-0.007621949
-0.008991207
0.008585078
0.003474245
-0.008102843
-0.0001480776
-0.0007689632
-0.002495669
0.009821984
-0.006472986
0.006268704
-0.008631067
-0.001991005
-0.007177113
-0.006133803
0.006827034
